.Random.seed <-
c(403L, 10L, -1297122207L, 695401680L, -1113125330L, 673927129L, 
1626451947L, -1298037158L, 605929500L, -59228897L, -964362891L, 
726510604L, 1528081890L, -1820717379L, 1048332599L, -1269084706L, 
1395278616L, 1190349435L, 1740859417L, -1968250712L, -1699151274L, 
577507025L, -849748349L, -529500910L, 507445412L, 799858791L, 
365662653L, 109329204L, 740364442L, -1855523099L, -114597761L, 
-1937925626L, 211518864L, -1891420109L, 1926027217L, -774963840L, 
-85143458L, 1246674857L, -1172371877L, -563086742L, -319813876L, 
1995452751L, 1924999685L, -1522296644L, -169782894L, -1917744499L, 
-2092934969L, -1317696082L, 161953800L, -1202009077L, -405649175L, 
-1248024648L, 708132966L, -803565311L, 280938387L, 1861351490L, 
-132542476L, -737654281L, 155483629L, -321827196L, 1252888746L, 
1281941013L, -1730264401L, 649181366L, -867248416L, 1382050339L, 
-2078141119L, -2072344528L, 1547448910L, -1329088839L, 540807883L, 
-106175622L, -1817988484L, -1490704705L, 875540373L, 1005733804L, 
-1074473598L, 469089117L, -997157289L, 392283454L, 62002552L, 
1927112283L, 689238457L, -1205152760L, -719745354L, -1911226895L, 
1892561955L, -1474663310L, -375689532L, 1617610887L, 411667549L, 
-808021420L, -932788102L, 1673481157L, 1163959583L, 711068838L, 
-577094096L, -743963437L, 1303833329L, -166766048L, -501326658L, 
-883291959L, 1618688635L, -509276086L, 192659628L, -1947060305L, 
1453867877L, 1250130204L, 1190691186L, -1203666451L, -815421913L, 
-1970616754L, 1204284072L, 1620781227L, -145124919L, 657620440L, 
240200838L, 2986337L, -1727826701L, 1612487522L, 964384212L, 
1637900503L, 1793544909L, 479933028L, 40699978L, 514325941L, 
-151125745L, -1335042538L, 994195648L, -1184870781L, -1129665887L, 
-1934934896L, -243099794L, 862318873L, -2130980437L, -234279014L, 
-371957924L, 1329868383L, 896917045L, -182788660L, 501333282L, 
-426236035L, -769688457L, -1982160482L, 2008160344L, 372434363L, 
1998965593L, 705714408L, 596703510L, 261360273L, 806872899L, 
-324849070L, 529093860L, 2033426215L, -1460397187L, -678633868L, 
4726874L, -837896027L, -1625019713L, 1393971526L, -549566512L, 
1733587443L, -1397514991L, -1007396544L, -2130990818L, 1558990313L, 
877543195L, -1352947414L, -831970740L, -218522097L, -855871163L, 
-1827489028L, 696406354L, -737003827L, 1502654087L, 954947950L, 
-1704209592L, -1306769589L, -1424732503L, -1168133128L, 1113172774L, 
329071681L, -942256685L, 1117757314L, 814584756L, 1723657015L, 
1050290733L, 876448580L, -1296031638L, -1369457963L, 2116445295L, 
-1342235274L, 135104160L, -589855901L, 2054400001L, -611216528L, 
-162473202L, -1007741575L, 2057842955L, 114782778L, -1064916676L, 
-1305237889L, 1304931797L, -549985300L, 506885442L, 655665821L, 
1602389783L, -801053058L, 1627801144L, -1956101861L, 15640185L, 
-1569611064L, 219247350L, -1129202895L, 1111395171L, -2082807502L, 
626844292L, -1071755577L, 748639645L, 1778549012L, 1703505850L, 
-1523127803L, 519789535L, 497144422L, 109858288L, -2027709677L, 
-1640029007L, 1442494304L, -1964501762L, -653504478L, -682191704L, 
-2093583988L, -863792708L, 1294142514L, 1819348800L, 1489439412L, 
1196842312L, -458189126L, -1962423536L, 204183788L, 1110412372L, 
1578644242L, 1771916704L, 439838668L, -1275937952L, 1514556610L, 
2029974056L, -1038000724L, -1246088388L, -1882390670L, 2137960240L, 
1885277220L, -1498885576L, 720246490L, -539483248L, 1425383676L, 
2009213332L, -683365566L, 1029829120L, 202748988L, 172231248L, 
906433698L, 2068649800L, -1901263348L, -1783970084L, -509960110L, 
2115641472L, -1091026092L, -812141592L, 1672028922L, 1177816912L, 
-2115842004L, 43692404L, -789726574L, 1366078048L, 801361036L, 
848624992L, -1953316638L, 305424552L, 652616396L, 719357436L, 
796620722L, -57016336L, -2060878396L, 598645080L, 364711290L, 
2060725680L, 527219132L, -1229297068L, -1800503870L, -684631264L, 
-119522372L, -199924656L, -47257630L, 388082536L, 181319500L, 
1547213564L, 1189794546L, 1632665856L, -684448652L, 136616456L, 
2046857658L, -1562977840L, -1348996116L, -1942333548L, -1778846510L, 
-1368010656L, 325814604L, -1934528736L, 1269723778L, 711094760L, 
-1916980244L, 33521212L, 542401138L, 1230563184L, -37568220L, 
-255701448L, 384269722L, 1950062032L, -604491332L, -1200297324L, 
1791448706L, -1992771136L, -1104625860L, 1831487120L, 1719948066L, 
1273392648L, -1554917620L, 808345500L, 1026213906L, 1861931904L, 
210730772L, 1586190632L, 192563258L, -2068961328L, 577938028L, 
147690548L, -1342546798L, 1762231648L, 916517196L, -565415456L, 
-2115598430L, -542527576L, 1340693644L, -1219945540L, -1130602382L, 
-1308961808L, 993857604L, -1846094760L, 3495994L, -1171533712L, 
2012686908L, -452142316L, -723751230L, 745119456L, 180802684L, 
878436560L, -660360286L, 1060282920L, -1786348276L, -397022276L, 
-763826894L, 1388696768L, -329277900L, -580340024L, 1597877946L, 
1448741008L, 1665518316L, 67629652L, -595601774L, 1177119520L, 
290155468L, -619821856L, 1396673218L, -856784856L, 2786220L, 
-1714093380L, 88608242L, 1925279280L, 351004580L, -1269242440L, 
-2019907750L, 1508231312L, 1419150204L, 1890687764L, -1396178622L, 
-196676864L, -416516164L, -1121025200L, -17855198L, 1782736456L, 
-985331700L, -318629796L, 1807262162L, 184893952L, -761153196L, 
1013794024L, -819847942L, 1484103376L, 727479596L, 1965103348L, 
1948704146L, -1276849824L, -602443764L, 1112131296L, -410236318L, 
1905403560L, 1913615948L, -1230888068L, -1145137870L, -1873987984L, 
1519872836L, -1332096040L, 1091252090L, -1534555600L, -765961284L, 
1668022868L, 1161258050L, 524009632L, 256625340L, 882601424L, 
813971298L, 2019330792L, -1250396980L, 1386495484L, 529541618L, 
-537500032L, -476977676L, 2121118344L, 757575482L, 810037072L, 
1968528492L, -827239020L, 1211094098L, 1594063328L, 2077945036L, 
1882699936L, 954923394L, 253921512L, 1646848748L, 1883968828L, 
2138788978L, 1720331376L, 730330148L, 86097976L, 1209774874L, 
-1750973232L, 2021311292L, 1951903636L, 1298642818L, -575693376L, 
1669427772L, 160323984L, -1768365534L, -1225753336L, -1006173556L, 
806233015L, -1870315647L, 895804806L, -278902844L, -236623115L, 
1911045983L, -353132104L, 1326045334L, 697327267L, -531201947L, 
-918522494L, 657065712L, -1089545575L, 2109087371L, -299229316L, 
-839118422L, -662963745L, 2021396329L, 1445721982L, -1783283860L, 
758686653L, 855175303L, -894808976L, -827005170L, -244908997L, 
-1069296867L, -1503733302L, 982590184L, 551380433L, 291076035L, 
-1731460924L, 2079973234L, -487079353L, 1209549329L, 296119190L, 
-181338380L, 1343426693L, 1112528335L, 1147764936L, -1335326362L, 
-1790407789L, 1268405493L, 1912710354L, 1501164320L, 676031241L, 
632581179L, -981151348L, 1645668378L, 975574159L, 1184390105L, 
-1071874962L, 281174012L, -628533907L, -1400336617L, 767291104L, 
328240318L, -1844475253L, 1036919053L, -1990539974L, -2068200072L, 
564285217L, -1421572141L, 1650839284L, -1101688958L, 1240389143L, 
1315486945L, -1635464666L, 1285483300L, -1525988395L, 70439807L, 
240588312L, 105569590L, -1943858237L, -1962518011L, 538911138L, 
-1604614768L, 1492329785L, -1112747541L, -1593412900L, -57755894L, 
-1411188225L, 1680863305L, 1911781854L, 779944332L, -755958435L, 
773520743L, 1100185232L, -1924726610L, -1732492965L, 202954045L, 
2105837482L, -1015037880L, -1338664847L, -283937309L, 833827044L, 
1611537426L, -2034501657L, 987537329L, 1718325750L, 291167252L, 
-1667153115L, 1240503343L, -2062973464L, 1532228294L, -916964493L, 
-1267866667L, -1161352270L, 1906355584L, 1961604457L, 2046704091L, 
-937762516L, -490765510L, 2103885295L, -1738848135L, -1912876274L, 
-3086628L, 387519821L, -2054256457L, -417131968L, -1125446882L, 
-575294997L, -588751507L, -350166054L, -480664168L, 1706798081L, 
1347407283L, -1544514348L, 1901052386L, 2041257079L, 126108097L, 
1535023942L, -1641707900L, 834342965L, 660340767L, 629860216L, 
-1828528554L, -1659448605L, 1338905765L, -1485619902L, 1609993008L, 
1503342425L, 1948804299L, -523209412L, -1220271766L, -1368233057L, 
-1362696663L, -1800763202L, -637513300L, -430182659L, 204823111L, 
